1 0.458984 0.380556 0.200781 0.238889
0 0.124609 0.761806 0.110156 0.476389
0 0.611328 0.688889 0.113281 0.458333
0 0.809375 0.354861 0.078125 0.334722
0 0.889844 0.275000 0.073438 0.302778
0 0.354297 0.149306 0.047656 0.179167
0 0.317578 0.130556 0.030469 0.186111
0 0.250000 0.172222 0.053125 0.263889
0 0.199609 0.177778 0.050781 0.244444
0 0.128516 0.259722 0.038281 0.138889
0 0.094141 0.270139 0.050781 0.148611
0 0.429297 0.131250 0.047656 0.218056
0 0.503516 0.085417 0.053906 0.148611
0 0.591406 0.292361 0.062500 0.134722
0 0.595313 0.104861 0.045312 0.151389
0 0.698047 0.162500 0.049219 0.250000
0 0.758594 0.182639 0.050000 0.281944
0 0.516406 0.259028 0.065625 0.179167
